%YAML:1.0
lower: [ 0, 141, 149, 0 ]
upper: [ 16, 255, 255, 0 ]
