%YAML:1.0
lower: [ 0, 215, 151, 0 ]
upper: [ 16, 255, 255, 0 ]
