%YAML:1.0
lower: [ 7, 120, 174, 0 ]
upper: [ 21, 255, 255, 0 ]
struct_size: 9
