%YAML:1.0
lower: [ 25, 235, 123, 0 ]
upper: [ 34, 255, 255, 0 ]
struct_size: 3
