%YAML:1.0
lower: [ 28, 255, 135, 0 ]
upper: [ 31, 256, 255, 0 ]
struct_size: 3
