%YAML:1.0
lower: [ 62, 151, 21, 0 ]
upper: [ 91, 255, 255, 0 ]
struct_size: 5
