%YAML:1.0
lower: [ 63, 158, 21, 0 ]
upper: [ 90, 255, 255, 0 ]
struct_size: 4
