%YAML:1.0
---
hfov: 58.
vfov: 4.2700000762939453e+01
h: 1.7499999701976776e-01
alpha: 6.9900001525878906e+01
theta: 0.
path: /dev/video0
