%YAML:1.0
minarea: 19.
maxarea: 3.4028234663852886e+38
