%YAML:1.0
---
minarea: 608.
maxarea: 3.4028234663852886e+38
