%YAML:1.0
minarea: 113.
maxarea: 3.4028234663852886e+38
