%YAML:1.0
---
hfov: 58.
vfov: 4.2700000762939453e+01
h: 2.1500000357627869e-01
alpha: 68.
