%YAML:1.0
hfov: 58.
vfov: 4.2700000762939453e+01
h: 2.1999999880790710e-01
alpha: 6.7500000000000000e+01
