%YAML:1.0
---
lower: [ 28, 255, 146, 0 ]
upper: [ 31, 256, 256, 0 ]
struct_size: 11
