%YAML:1.0
---
lower: [ 30, 255, 0, 0 ]
upper: [ 52, 256, 74, 0 ]
struct_size: 7
