%YAML:1.0
---
lower: [ 41, 255, 36, 0 ]
upper: [ 43, 256, 51, 0 ]
struct_size: 11
