%YAML:1.0
---
lower: [ 11, 255, 165, 0 ]
upper: [ 21, 256, 256, 0 ]
struct_size: 11
