%YAML:1.0
---
lower: [ 17, 255, 191, 0 ]
upper: [ 21, 256, 256, 0 ]
struct_size: 11
