%YAML:1.0
---
lower: [ 64, 0, 0, 0 ]
upper: [ 80, 256, 256, 0 ]
struct_size: 11
