%YAML:1.0
---
lower: [ 0, 0, 255, 0 ]
upper: [ 180, 94, 256, 0 ]
struct_size: 11
