%YAML:1.0
---
lower: [ 24, 253, 152, 0 ]
upper: [ 28, 255, 256, 0 ]
struct_size: 3
