%YAML:1.0
lower: [ 14, 101, 131, 0 ]
upper: [ 22, 255, 255, 0 ]
struct_size: 11
