%YAML:1.0
lower: [ 25, 255, 197, 0 ]
upper: [ 31, 255, 255, 0 ]
struct_size: 11
