%YAML:1.0
---
lower: [ 24, 253, 153, 0 ]
upper: [ 28, 255, 254, 0 ]
struct_size: 3
