%YAML:1.0
---
lower: [ 38, 104, 64, 0 ]
upper: [ 45, 256, 117, 0 ]
struct_size: 7
