%YAML:1.0
lower: [ 2, 178, 130, 0 ]
upper: [ 12, 255, 255, 0 ]
struct_size: 11
