%YAML:1.0
lower: [ 8, 163, 62, 0 ]
upper: [ 20, 255, 255, 0 ]
struct_size: 11
