%YAML:1.0
lower: [ 13, 174, 196, 0 ]
upper: [ 20, 255, 255, 0 ]
struct_size: 11
