%YAML:1.0
---
lower: [ 3, 255, 227, 0 ]
upper: [ 22, 256, 256, 0 ]
struct_size: 9
