%YAML:1.0
---
lower: [ 4, 249, 108, 0 ]
upper: [ 19, 255, 255, 0 ]
struct_size: 9
