%YAML:1.0
lower: [ 4, 0, 180, 0 ]
upper: [ 19, 255, 255, 0 ]
struct_size: 9
