%YAML:1.0
lower: [ 9, 179, 123, 0 ]
upper: [ 26, 255, 255, 0 ]
