%YAML:1.0
lower: [ 104, 156, 39, 0 ]
upper: [ 114, 255, 255, 0 ]
struct_size: 11
