%YAML:1.0
---
lower: [ 45, 171, 0, 0 ]
upper: [ 69, 254, 173, 0 ]
struct_size: 6
