%YAML:1.0
lower: [ 51, 0, 0, 0 ]
upper: [ 68, 220, 37, 0 ]
struct_size: 11
