%YAML:1.0
lower: [ 57, 90, 0, 0 ]
upper: [ 64, 240, 255, 0 ]
struct_size: 11
