%YAML:1.0
lower: [ 102, 97, 0, 0 ]
upper: [ 130, 255, 255, 0 ]
struct_size: 11
