%YAML:1.0
---
lower: [ 60, 171, 38, 0 ]
upper: [ 76, 255, 173, 0 ]
struct_size: 5
