%YAML:1.0
lower: [ 51, 148, 0, 0 ]
upper: [ 75, 234, 171, 0 ]
struct_size: 4
