%YAML:1.0
lower: [ 51, 154, 0, 0 ]
upper: [ 68, 224, 163, 0 ]
struct_size: 4
