%YAML:1.0
---
lower: [ 45, 171, 0, 0 ]
upper: [ 64, 254, 167, 0 ]
struct_size: 6
