%YAML:1.0
lower: [ 27, 0, 96, 0 ]
upper: [ 39, 199, 171, 0 ]
struct_size: 18
